<?xml version="1.0"?>
<opencv_storage>
<keypoint>
  1.9850797653198242e+001 2.1111455917358398e+001
  2.1316342353820801e+000 2.2145402526855469e+002
  2.6666181161999702e-002 12386815 -1 4.6080223083496094e+001
  2.1302869796752930e+001 2.0950644016265869e+000
  2.5284025573730469e+002 1.4152420684695244e-002 11141631 -1
  3.9914466857910156e+001 2.2988670349121094e+001
  1.9749151468276978e+000 2.5131802368164062e+002
  1.5109329484403133e-002 6881791 -1 8.6115522384643555e+000
  3.3376152038574219e+001 1.8939993381500244e+000
  2.1735165405273437e+002 1.9087102264165878e-002 3867135 -1
  3.6202877044677734e+001 5.9336902618408203e+001
  1.9009062051773071e+000 1.9851614379882812e+002
  1.6372304409742355e-002 4129279 -1 3.1443149566650391e+001
  7.1865623474121094e+001 2.1875598430633545e+000
  8.0317565917968750e+001 1.8102381378412247e-002 14287359 -1
  3.7622550964355469e+001 7.3295272827148438e+001
  2.0710773468017578e+000 3.5584161376953125e+002
  2.4703666567802429e-002 10289663 -1 4.4560470581054688e+001
  7.3628715515136719e+001 1.8572685718536377e+000
  2.1178121948242187e+002 1.5192382037639618e-002 2425343 -1
  3.3279338836669922e+001 8.0329956054687500e+001
  1.8198473453521729e+000 1.4618899536132812e+002
  1.5734722837805748e-002 983551 -1 3.9642578125000000e+001
  8.0377883911132812e+001 1.9522974491119385e+000
  2.4969604492187500e+002 2.1291673183441162e-002 6029823 -1
  5.2908908843994141e+001 8.4066986083984375e+001
  2.0894715785980225e+000 1.7439385986328125e+002
  2.1551424637436867e-002 10945023 -1 5.2908908843994141e+001
  8.4066986083984375e+001 2.0894715785980225e+000
  1.3596258544921875e+002 2.1551424637436867e-002 10945023 -1
  3.7542514801025391e+001 8.7714378356933594e+001
  1.9606243371963501e+000 2.7889709472656250e+002
  1.3509402051568031e-002 6357503 -1 9.5980110168457031e+000
  9.1527153015136719e+001 2.2297194004058838e+000
  3.5921096801757813e+002 1.8998272716999054e-002 15663615 -1
  4.4856731414794922e+001 9.8347335815429688e+001
  2.0285468101501465e+000 1.9304040527343750e+002
  1.8778946250677109e-002 8782335 -1 2.9553998947143555e+001
  9.9623413085937500e+001 2.1808280944824219e+000
  1.8939215087890625e+002 1.7314398661255836e-002 14025215 -1
  3.1686225891113281e+001 1.0378820037841797e+002
  2.0894591808319092e+000 3.3878182983398437e+002
  1.4297535642981529e-002 10945023 -1 5.1930900573730469e+001
  1.0959230804443359e+002 1.9274839162826538e+000
  3.2631832885742187e+002 1.7767174169421196e-002 5112319 -1
  4.3440784454345703e+001 1.2901300048828125e+002
  2.2007560729980469e+000 8.5251831054687500e+001
  1.8592866137623787e-002 14680575 -1 3.6850234985351563e+001
  1.6687643051147461e+001 2.7959017753601074e+000
  6.9518066406250000e+001 2.7186889201402664e-002 15336191 -1
  2.6405073165893555e+001 1.7809185028076172e+001
  2.5205516815185547e+000 2.1721655273437500e+002
  5.2405316382646561e-002 7799551 -1 5.1936714172363281e+001
  6.8134399414062500e+001 2.5992844104766846e+000
  3.4675976562500000e+002 2.3932369425892830e-002 10027775 -1
  4.1704677581787109e+001 7.1711616516113281e+001
  2.7414741516113281e+000 9.2150909423828125e+001
  3.0710095539689064e-002 13894399 -1 5.0407749176025391e+001
  7.4599212646484375e+001 2.5643959045410156e+000
  2.8942193603515625e+002 1.7289964482188225e-002 9044735 -1
  5.0407749176025391e+001 7.4599212646484375e+001
  2.5643959045410156e+000 5.8018768310546875e+001
  1.7289964482188225e-002 9044735 -1 3.2139781951904297e+001
  7.4847618103027344e+001 2.5091221332550049e+000
  8.1729858398437500e+001 1.4552789740264416e-002 7471871 -1
  4.9792743682861328e+001 8.6913215637207031e+001
  2.7610449790954590e+000 3.1581411743164062e+002
  1.3617076911032200e-002 14418687 -1 4.3555213928222656e+001
  8.7269050598144531e+001 2.4203186035156250e+000
  3.3276284790039062e+002 1.5289332717657089e-002 4850431 -1
  4.3555213928222656e+001 8.7269050598144531e+001
  2.4203186035156250e+000 2.0179797363281250e+002
  1.5289332717657089e-002 4850431 -1 2.8279863357543945e+001
  8.8915458679199219e+001 2.2727441787719727e+000
  2.1345050048828125e+002 1.4064960181713104e-002 328447 -1
  3.2838123321533203e+001 8.9340713500976563e+001
  2.7820255756378174e+000 2.1401760864257812e+002
  1.6491701826453209e-002 14942975 -1 5.3136959075927734e+001
  1.2053866577148437e+002 2.3401639461517334e+000
  3.7170410156250000e-002 1.8894122913479805e-002 2425599 -1
  3.8064773559570312e+001 5.3043731689453125e+001
  2.8656923770904541e+000 2.4100244140625000e+002
  1.4823138713836670e-002 394239 -1 3.8040264129638672e+001
  5.7700920104980469e+001 3.2681152820587158e+000
  2.3631733703613281e+002 1.8068790435791016e-002 9896959 -1
  3.2566699981689453e+001 6.1091854095458984e+001
  2.9148747920989990e+000 2.4209207153320312e+002
  1.9687427207827568e-002 1639423 -1 3.1028043746948242e+001
  6.5576408386230469e+001 3.1858294010162354e+000
  2.4296981811523437e+002 2.7228288352489471e-002 8061951 -1
  3.1028043746948242e+001 6.5576408386230469e+001
  3.1858294010162354e+000 1.8616491699218750e+002
  2.7228288352489471e-002 8061951 -1 2.6438814163208008e+001
  7.6538887023925781e+001 2.9455389976501465e+000
  2.0618962097167969e+002 1.7446443438529968e-002 2360319 -1
  4.5572390556335449e+000 8.3557922363281250e+001
  3.1646287441253662e+000 2.4522622680664062e+002
  1.5614421106874943e-002 7537663 -1 2.5941810607910156e+001
  8.4172874450683594e+001 3.3739011287689209e+000
  2.0362448120117187e+002 1.4838763512670994e-002 12190719 -1
  2.2220470428466797e+001 9.0023376464843750e+001
  2.7945563793182373e+000 2.1775093078613281e+002
  2.0590007305145264e-002 15270655 -1 4.4390792846679688e+001
  5.6293312072753906e+001 4.4338898658752441e+000
  3.4634436035156250e+002 2.5569718331098557e-002 15204608 -1
  4.4390792846679688e+001 5.6293312072753906e+001
  4.4338898658752441e+000 2.7130361938476562e+002
  2.5569718331098557e-002 15204608 -1 5.1078704833984375e+001
  6.7222290039062500e+001 4.2671561241149902e+000
  3.2450509643554687e+002 2.3408815264701843e-002 12452096 -1
  4.9145908355712891e+001 1.0082472229003906e+002
  3.8612267971038818e+000 3.4334124755859375e+002
  1.6296101734042168e-002 5243136 -1 3.8188468933105469e+001
  1.0208614349365234e+002 4.1591715812683105e+000
  2.5036233520507812e+002 1.8669795244932175e-002 10617088 -1
  4.2270652770996094e+001 1.6851375579833984e+001
  5.5205645561218262e+000 6.8924591064453125e+001
  3.1383007764816284e-002 14352896 -1 5.4738030433654785e+000
  9.1124084472656250e+001 4.5771660804748535e+000
  2.3492019653320312e+002 3.7271179258823395e-002 852480 -1
  4.0668415069580078e+001 6.2668907165527344e+001
  1.0880351066589355e+001 3.1627734375000000e+002
  2.8820119798183441e-002 13304321 -1 4.0668415069580078e+001
  6.2668907165527344e+001 1.0880351066589355e+001
  2.1871441650390625e+002 2.8820119798183441e-002 13304321 -1
  2.0497869491577148e+001 3.6828556060791016e+001
  1.5345524787902832e+001 2.2247785949707031e+002
  2.8882645070552826e-002 4784386 -1</keypoint>
