<?xml version="1.0"?>
<opencv_storage>
<keypoint>
  3.9798255920410156e+001 1.1449285507202148e+001
  2.2085883617401123e+000 2.5825064086914062e+002
  1.6944896429777145e-002 14942719 -1 8.7781705856323242e+000
  2.0451494216918945e+001 1.9000009298324585e+000
  3.1906677246093750e+002 2.1229404956102371e-002 4063743 -1
  6.2710258483886719e+001 2.1615566253662109e+001
  1.9313839673995972e+000 2.9491149902343750e+002
  2.3626714944839478e-002 5243391 -1 6.8646385192871094e+001
  2.3183284759521484e+001 1.9901304244995117e+000
  3.4240887451171875e+002 2.1162131801247597e-002 7406079 -1
  4.8533679962158203e+001 2.3474004745483398e+001
  1.8324873447418213e+000 1.2270063781738281e+002
  3.6220289766788483e-002 1442303 -1 2.9721424579620361e+000
  3.2343711853027344e+001 1.8421331644058228e+000
  2.6369467163085937e+002 1.7404891550540924e-002 1835519 -1
  4.0267982482910156e+001 3.7012405395507812e+001
  1.8672201633453369e+000 2.9982849121093750e+002
  2.0389428362250328e-002 2818559 -1 4.7927577972412109e+001
  3.9847579956054687e+001 2.0322158336639404e+000
  2.8775741577148437e+002 2.0647808909416199e-002 8913407 -1
  5.0644359588623047e+001 4.0884841918945313e+001
  2.0084271430969238e+000 3.0061477661132812e+002
  1.7588777467608452e-002 8061439 -1 6.4015556335449219e+001
  4.0757991790771484e+001 2.2019841670989990e+000
  3.0717288208007812e+002 1.4085582457482815e-002 14746111 -1
  8.4913208007812500e+001 4.4229919433593750e+001
  2.1115548610687256e+000 3.4846148681640625e+002
  1.3553203083574772e-002 11731455 -1 8.2651855468750000e+001
  4.5803546905517578e+001 1.9334524869918823e+000
  3.4950317382812500e+002 1.3941693119704723e-002 5308927 -1
  6.1237396240234375e+001 5.2379840850830078e+001
  1.9055362939834595e+000 3.4892016601562500e+002
  4.0924668312072754e-002 4260351 -1 9.0798744201660156e+001
  5.8007007598876953e+001 1.9403492212295532e+000
  1.8799526977539062e+002 3.0627198517322540e-002 5571071 -1
  1.9474594116210938e+001 5.9427463531494141e+001
  2.1175534725189209e+000 1.4630435180664062e+002
  2.3954208940267563e-002 11928063 -1 1.9568872451782227e+001
  6.9590469360351563e+001 1.9997640848159790e+000
  1.4910510253906250e+002 2.2200588136911392e-002 7799295 -1
  7.1410865783691406e+001 6.9793975830078125e+001
  1.9553097486495972e+000 2.7253704833984375e+002
  2.8091512620449066e-002 6160895 -1 6.7605628967285156e+001
  7.0431793212890625e+001 2.1527535915374756e+000
  2.6654827880859375e+002 3.6659277975559235e-002 13107711 -1
  6.3545017242431641e+001 7.0817016601562500e+001
  2.0365955829620361e+000 2.5683734130859375e+002
  3.1770318746566772e-002 9110015 -1 1.1469858169555664e+001
  7.4654655456542969e+001 1.7981119155883789e+000
  1.3448721313476562e+002 1.3382638804614544e-002 66047 -1
  2.1985588073730469e+001 7.7078475952148438e+001
  2.1173915863037109e+000 1.3672921752929687e+002
  2.4736599996685982e-002 11928063 -1 4.8430263519287109e+001
  7.9590187072753906e+001 2.0221166610717773e+000
  1.0225695800781250e+002 2.7021806687116623e-002 8585727 -1
  4.8430263519287109e+001 7.9590187072753906e+001
  2.0221166610717773e+000 5.9936004638671875e+001
  2.7021806687116623e-002 8585727 -1 9.0944786071777344e+001
  8.0909507751464844e+001 2.0122096538543701e+000
  1.7426608276367187e+002 1.7765723168849945e-002 8192511 -1
  4.5527549743652344e+001 8.4262222290039063e+001
  2.1077384948730469e+000 2.9685321044921875e+002
  1.6343798488378525e-002 11600383 -1 4.5527549743652344e+001
  8.4262222290039063e+001 2.1077384948730469e+000
  2.4411459350585937e+002 1.6343798488378525e-002 11600383 -1
  4.2691715240478516e+001 8.6667556762695312e+001
  1.9264267683029175e+000 2.9120672607421875e+002
  2.0418541505932808e-002 5046783 -1 2.5407686233520508e+001
  8.7706886291503906e+001 1.8852838277816772e+000
  1.2225112915039062e+002 1.8125565722584724e-002 3539455 -1
  2.0855541229248047e+001 8.9230682373046875e+001
  1.9174684286117554e+000 1.2002821350097656e+002
  1.6438206657767296e-002 4719103 -1 6.4891258239746094e+001
  1.1657478332519531e+001 2.1815860271453857e+000
  2.8950238037109375e+002 1.7915133386850357e-002 14090751 -1
  6.6304107666015625e+001 1.5145833015441895e+001
  2.4032979011535645e+000 3.0049560546875000e+002
  1.9445026293396950e-002 4391679 -1 1.2425477981567383e+001
  2.6551424026489258e+001 2.4078400135040283e+000
  3.0676696777343750e+002 2.9829330742359161e-002 4522751 -1
  7.0446243286132813e+001 2.7371528625488281e+001
  2.4479296207427979e+000 3.5476812744140625e+002
  2.3869516327977180e-002 5702399 -1 5.3096702575683594e+001
  3.6488334655761719e+001 2.3919813632965088e+000
  3.2031051635742187e+002 1.4412349089980125e-002 3998463 -1
  8.6280546188354492e+000 4.2008842468261719e+001
  2.5313825607299805e+000 2.9832171630859375e+002
  1.9138794392347336e-002 8127231 -1 4.7793674468994141e+001
  4.5676765441894531e+001 2.2370092868804932e+000
  2.8932305908203125e+002 4.6392846852540970e-002 15860223 -1
  4.6717861175537109e+001 4.8422935485839844e+001
  2.5211980342864990e+000 2.9011578369140625e+002
  4.0015179663896561e-002 7799551 -1 8.0142013549804688e+001
  5.2217857360839844e+001 2.4160153865814209e+000
  2.7159130859375000e+002 1.5398964285850525e-002 4719359 -1
  1.8079988479614258e+001 5.5254913330078125e+001
  2.3939387798309326e+000 1.2716508483886719e+002
  2.7034457772970200e-002 4063999 -1 8.1440109252929688e+001
  6.4883697509765625e+001 2.6739490032196045e+000
  1.2730300903320312e+002 3.5064000636339188e-002 12059391 -1
  6.4972457885742188e+001 7.3668693542480469e+001
  2.5361483097076416e+000 2.6152239990234375e+002
  3.3260632306337357e-002 8258303 -1 1.0529245376586914e+001
  7.7807998657226563e+001 2.3777565956115723e+000
  3.3509197998046875e+002 2.1529080346226692e-002 3605247 -1
  6.5822143554687500e+001 8.9551765441894531e+001
  2.4704487323760986e+000 3.1067681884765625e+002
  1.8147351220250130e-002 6357759 -1 6.5822143554687500e+001
  8.9551765441894531e+001 2.4704487323760986e+000
  1.5992201232910156e+002 1.8147351220250130e-002 6357759 -1
  3.0802648544311523e+001 8.4962263107299805e+000
  3.1492955684661865e+000 2.9447271728515625e+002
  1.6088491305708885e-002 7209983 -1 3.6820827484130859e+001
  1.1213600158691406e+001 3.0974843502044678e+000
  2.6282086181640625e+002 1.9640395417809486e-002 6030335 -1
  5.3586284637451172e+001 2.4764503479003906e+001
  3.4828612804412842e+000 1.1365908813476562e+002
  4.4275712221860886e-002 14484479 -1 8.0793151855468750e+001
  4.1973133087158203e+001 3.4775121212005615e+000
  3.4024111938476562e+002 1.6863124445080757e-002 14353407 -1
  8.0793151855468750e+001 4.1973133087158203e+001
  3.4775121212005615e+000 3.0745425415039062e+002
  1.6863124445080757e-002 14353407 -1 4.2483066558837891e+001
  4.3407546997070313e+001 3.4661972522735596e+000
  2.8925164794921875e+002 4.3617654591798782e-002 14156799 -1
  7.0136361122131348e+000 4.6162006378173828e+001
  3.2127397060394287e+000 1.4668313598632812e+002
  2.3132048547267914e-002 8651775 -1 6.7006568908691406e+001
  4.8564567565917969e+001 3.3484642505645752e+000
  2.8844064331054687e+002 1.7122585326433182e-002 11666431 -1
  3.5084064483642578e+001 8.0383010864257813e+001
  3.2448639869689941e+000 7.0371704101562500e+000
  1.5461853705346584e-002 9372671 -1 8.0233322143554688e+001
  8.0720512390136719e+001 3.0316977500915527e+000
  1.7899511718750000e+002 2.4368118494749069e-002 4457471 -1
  4.0974288940429687e+001 8.1603950500488281e+001
  3.5179443359375000e+000 2.8053845214843750e+002
  1.9872423261404037e-002 15205375 -1 1.4446146011352539e+001
  8.7560073852539063e+001 3.1864447593688965e+000
  2.9918246459960937e+002 2.6754830032587051e-002 8061951 -1
  1.1805151939392090e+001 3.2115940093994141e+001
  3.7132885456085205e+000 3.2142111206054687e+002
  2.9255500063300133e-002 2425088 -1 4.2170013427734375e+001
