<?xml version="1.0"?>
<opencv_storage>
<keypoint>
  2.1021905517578125e+002 7.1060605049133301e+000
  1.9691152572631836e+000 2.5718948364257812e+002
  2.2788679227232933e-002 6685183 -1 2.1389085388183594e+002
  1.9645313262939453e+001 1.9244650602340698e+000
  1.0378552246093750e+002 4.1474685072898865e-002 4981247 -1
  2.1288378906250000e+002 2.1905611038208008e+001
  1.9222100973129272e+000 1.0218255615234375e+002
  4.5071247965097427e-002 4915711 -1 1.4553153991699219e+002
  2.7386632919311523e+001 2.2604522705078125e+000
  2.8661996459960937e+002 4.4144950807094574e-002 16646655 -1
  1.4553153991699219e+002 2.7386632919311523e+001
  2.2604522705078125e+000 1.0782534790039062e+002
  4.4144950807094574e-002 16646655 -1 1.7333204650878906e+002
  2.7447074890136719e+001 1.9839466810226440e+000
  9.1464813232421875e+001 3.4429691731929779e-002 7209471 -1
  1.0686322784423828e+002 2.8501825332641602e+001
  1.9724806547164917e+000 2.4942596435546875e+002
  1.7576571553945541e-002 6750719 -1 1.7613366699218750e+002
  2.9651920318603516e+001 1.8881931304931641e+000
  9.2365905761718750e+001 3.8377959281206131e-002 3604991 -1
  1.7250796508789062e+002 3.0000387191772461e+001
  2.1622600555419922e+000 9.0971343994140625e+001
  2.7554055675864220e-002 13435391 -1 1.6236402893066406e+002
  3.0254245758056641e+001 1.9109331369400024e+000
  9.0158325195312500e+001 2.7604781091213226e-002 4456959 -1
  1.2216284179687500e+002 3.2422424316406250e+001
  1.9171136617660522e+000 1.8235244750976562e+002
  1.7377607524394989e-002 4719103 -1 1.0992839813232422e+002
  3.6598487854003906e+001 2.0613462924957275e+000
  1.8075578308105469e+002 1.4567186124622822e-002 9961983 -1
  9.4199226379394531e+001 3.9663677215576172e+001
  1.9503679275512695e+000 1.8821994018554687e+002
  1.7557213082909584e-002 5964287 -1 1.0999841308593750e+002
  4.0136905670166016e+001 1.8911434412002563e+000
  1.8196011352539062e+002 1.3675292022526264e-002 3736063 -1
  2.5887750625610352e+001 4.5015563964843750e+001
  1.8787542581558228e+000 3.5986996459960937e+002
  6.3433088362216949e-002 3277311 -1 7.6336700439453125e+001
  4.5704708099365234e+001 1.9247387647628784e+000
  2.6707159423828125e+002 3.5620700567960739e-002 4981247 -1
  2.3367044448852539e+001 4.6695331573486328e+001
  1.9078539609909058e+000 1.8249902343750000e+002
  2.3461870849132538e-002 4391423 -1 1.2163211059570312e+002
  4.9766948699951172e+001 2.0362315177917480e+000
  1.5518008422851562e+002 2.0810864865779877e-002 9110015 -1
  5.4234813690185547e+001 5.1248558044433594e+001
  1.8901128768920898e+000 3.5262557983398437e+002
  7.0891201496124268e-002 3670527 -1 5.4234813690185547e+001
  5.1248558044433594e+001 1.8901128768920898e+000
  1.8883340454101562e+002 7.0891201496124268e-002 3670527 -1
  9.2360725402832031e+001 5.0896266937255859e+001
  1.9784694910049438e+000 2.6893609619140625e+002
  6.3374668359756470e-002 7012863 -1 9.2360725402832031e+001
  5.0896266937255859e+001 1.9784694910049438e+000
  5.6091461181640625e+001 6.3374668359756470e-002 7012863 -1
  1.0682940673828125e+002 5.0790554046630859e+001
  1.8453224897384644e+000 2.6940093994140625e+002
  4.2485732585191727e-002 1966591 -1 3.1128974914550781e+001
  5.1658889770507813e+001 1.8770521879196167e+000
  2.4285583496093750e+000 6.3069559633731842e-002 3211775 -1
  3.1128974914550781e+001 5.1658889770507813e+001
  1.8770521879196167e+000 1.8346170043945312e+002
  6.3069559633731842e-002 3211775 -1 4.2521884918212891e+001
  5.1502689361572266e+001 2.1080267429351807e+000
  3.5622198486328125e+002 6.4692720770835876e-002 11600383 -1
  4.2521884918212891e+001 5.1502689361572266e+001
  2.1080267429351807e+000 1.8292527770996094e+002
  6.4692720770835876e-002 11600383 -1 4.8337703704833984e+001
  5.1241344451904297e+001 1.8929405212402344e+000
  3.5449420166015625e+002 6.9016322493553162e-002 3801599 -1
  4.8337703704833984e+001 5.1241344451904297e+001
  1.8929405212402344e+000 1.8306532287597656e+002
  6.9016322493553162e-002 3801599 -1 1.2901683044433594e+002
  5.1745883941650391e+001 2.1208269596099854e+000
  2.7062933349609375e+002 2.8295343741774559e-002 12059135 -1
  1.5750270080566406e+002 5.1601356506347656e+001
  1.9429858922958374e+000 1.7519309997558594e+002
  1.8509531393647194e-002 5702143 -1 2.7983741760253906e+001
  5.2627353668212891e+001 2.1410405635833740e+000
  4.9431762695312500e+000 4.2110856622457504e-002 12714495 -1
  5.6818122863769531e+001 5.2808513641357422e+001
  2.0680892467498779e+000 2.6853228759765625e+002
  4.8538602888584137e-002 10224127 -1 5.1018947601318359e+001
  5.3491317749023437e+001 2.2121093273162842e+000
  3.5679205322265625e+002 6.3650332391262054e-002 15073791 -1
  5.1018947601318359e+001 5.3491317749023437e+001
  2.2121093273162842e+000 2.6184509277343750e+002
  6.3650332391262054e-002 15073791 -1 4.5217086791992187e+001
  5.4321643829345703e+001 2.2864787578582764e+000
  2.6308752441406250e+002 6.5947212278842926e-002 787199 -1
  9.1500839233398438e+001 5.4642440795898438e+001
  2.0241196155548096e+000 2.7153472900390625e+002
  2.4884458631277084e-002 8651263 -1 2.5071260452270508e+001
  5.5400058746337891e+001 2.1256024837493896e+000
  1.7748825073242187e+002 6.1655212193727493e-002 12190207 -1
  2.5071260452270508e+001 5.5400058746337891e+001
  2.1256024837493896e+000 1.0838012695312500e+001
  6.1655212193727493e-002 12190207 -1 1.5363450622558594e+002
  5.5786674499511719e+001 1.9004296064376831e+000
  2.6841952514648437e+002 2.0301895216107368e-002 4063743 -1
  5.1471881866455078e+001 5.6702995300292969e+001
  2.1803495883941650e+000 2.6150930786132812e+002
  2.7506629005074501e-002 14025215 -1 6.9068465232849121e+000
  5.8709476470947266e+001 1.9562948942184448e+000
  1.8612762451171875e+002 2.4713965132832527e-002 6160895 -1
  1.1016420745849609e+002 6.5556808471679688e+001
  2.0379631519317627e+000 2.6309851074218750e+002
  1.3376052491366863e-002 9175551 -1 1.1192203521728516e+001
  6.7929687500000000e+001 2.2004899978637695e+000
  2.6890109252929687e+002 4.6375002712011337e-002 14680575 -1
  1.5330140686035156e+002 7.0277168273925781e+001
  2.1964235305786133e+000 2.6846130371093750e+002
  1.3648388907313347e-002 14549503 -1 3.3628907203674316e+000
  7.1509262084960938e+001 2.2203950881958008e+000
  2.6577944946289062e+002 4.2381152510643005e-002 15335935 -1
  3.3628907203674316e+000 7.1509262084960938e+001
  2.2203950881958008e+000 2.0649533081054687e+002
  4.2381152510643005e-002 15335935 -1 4.1003471374511719e+001
  7.2715263366699219e+001 2.1204435825347900e+000
  4.4812316894531250e+000 2.7139212936162949e-002 11993599 -1
  4.1003471374511719e+001 7.2715263366699219e+001
  2.1204435825347900e+000 1.9148786926269531e+002
  2.7139212936162949e-002 11993599 -1 4.6820465087890625e+001
  7.3102226257324219e+001 2.1767187118530273e+000
  1.8261218261718750e+002 2.6741873472929001e-002 13894143 -1
  4.6820465087890625e+001 7.3102226257324219e+001
  2.1767187118530273e+000 6.8782958984375000e+000
  2.6741873472929001e-002 13894143 -1 2.1407159423828125e+002
  7.3251533508300781e+001 2.1441555023193359e+000
  2.6419415283203125e+002 3.0845703557133675e-002 12845567 -1
  4.9624919891357422e+001 7.4677467346191406e+001
  2.2838008403778076e+000 1.7180961608886719e+002
  2.1830979734659195e-002 656127 -1 4.9624919891357422e+001
  7.4677467346191406e+001 2.2838008403778076e+000
  1.2501861572265625e+001 2.1830979734659195e-002 656127 -1
  4.3549945831298828e+001 7.6107315063476562e+001
  1.8325248956680298e+000 1.7507028198242187e+002
  2.5664459913969040e-002 1442303 -1 4.3549945831298828e+001
  7.6107315063476562e+001 1.8325248956680298e+000
  1.3055419921875000e+001 2.5664459913969040e-002 1442303 -1
  4.6434642791748047e+001 7.6672332763671875e+001
  2.1821291446685791e+000 1.7769577026367187e+002
  3.6570280790328979e-002 14090751 -1 4.6434642791748047e+001
