<?xml version="1.0"?>
<opencv_storage>
<keypoint>
  2.2649873733520508e+001 1.5967934608459473e+001
  2.0614025592803955e+000 1.0745098876953125e+002
  3.5928495228290558e-002 9961983 -1 2.3529293060302734e+001
  1.8991420745849609e+001 2.1794171333312988e+000
  1.0759584045410156e+002 2.5352029129862785e-002 14025215 -1
  2.0388418197631836e+001 2.5486001968383789e+001
  2.0068621635437012e+000 2.9242706298828125e+002
  1.5485107898712158e-002 8061439 -1 5.0842201232910156e+001
  3.1378122329711914e+001 2.1643359661102295e+000
  3.0540759277343750e+002 2.5795429944992065e-002 13500927 -1
  5.8929714202880859e+001 3.4332756042480469e+001
  2.0743861198425293e+000 3.1035833740234375e+002
  2.1901020780205727e-002 10420735 -1 5.8354766845703125e+001
  3.6950721740722656e+001 1.8630678653717041e+000
  3.1327099609375000e+002 2.3670099675655365e-002 2687487 -1
  5.8712421417236328e+001 5.4514919281005859e+001
  2.2695262432098389e+000 3.2101846313476562e+002
  1.5806132927536964e-002 197375 -1 6.8355827331542969e+001
  5.7132583618164063e+001 2.2413499355316162e+000
  1.8444311523437500e+002 2.4086846038699150e-002 16056831 -1
  6.8579536437988281e+001 6.3962905883789063e+001
  1.8289667367935181e+000 1.7171629333496094e+002
  2.7901368215680122e-002 1311231 -1 2.7575194835662842e+000
  7.4318832397460938e+001 1.9475539922714233e+000
  1.6215612792968750e+002 1.4918562956154346e-002 5833215 -1
  4.3009368896484375e+001 7.5771354675292969e+001
  2.0285506248474121e+000 3.3882379150390625e+002
  2.6260187849402428e-002 8782335 -1 5.0680377960205078e+001
  9.3109466552734375e+001 1.9239152669906616e+000
  2.9920501708984375e+002 1.3834534212946892e-002 4981247 -1
  6.7415374755859375e+001 9.3235374450683594e+001
  2.2176802158355713e+000 2.5489356994628906e+002
  2.3799348622560501e-002 15270399 -1 6.7415374755859375e+001
  9.3235374450683594e+001 2.2176802158355713e+000
  1.8840010070800781e+002 2.3799348622560501e-002 15270399 -1
  2.9841129302978516e+001 9.4600730895996094e+001
  2.2211253643035889e+000 1.1131579589843750e+002
  3.5303849726915359e-002 15401471 -1 6.7591857910156250e+001
  9.6934211730957031e+001 1.9628139734268188e+000
  1.7693759155273438e+002 1.8788654357194901e-002 6423039 -1
  3.0298458099365234e+001 9.7531196594238281e+001
  1.8557920455932617e+000 2.5884750366210937e+002
  1.5545357018709183e-002 2359807 -1 3.4452388286590576e+000
  9.9050827026367188e+001 2.0017688274383545e+000
  1.0940386962890625e+002 2.6081314310431480e-002 7864831 -1
  7.1636743545532227e+000 9.9038925170898438e+001
  1.8089373111724854e+000 1.5676039123535156e+002
  1.7480725422501564e-002 524799 -1 6.2417446136474609e+001
  1.0933127593994141e+002 1.8362646102905273e+000
  3.5691061401367187e+002 3.3508043736219406e-002 1638911 -1
  1.1006474494934082e+001 1.1245088958740234e+002
  1.9419149160385132e+000 2.1687670898437500e+002
  1.7489919438958168e-002 5636607 -1 1.7364351272583008e+001
  1.1584156036376953e+002 1.9883288145065308e+000
  5.5591125488281250e+000 1.8796013668179512e-002 7340543 -1
  5.3202476501464844e+001 1.1587380218505859e+002
  2.2600317001342773e+000 9.9734619140625000e+001
  2.1651629358530045e-002 16646655 -1 6.8942909240722656e+001
  1.1926442718505859e+002 1.9197119474411011e+000
  1.7662356567382812e+002 2.6224642992019653e-002 4850175 -1
  5.1825576782226563e+001 1.2344995880126953e+002
  2.1529417037963867e+000 2.6230917358398437e+002
  2.4024531245231628e-002 13107711 -1 7.4890995025634766e+000
  1.3628439331054687e+002 2.1511101722717285e+000
  2.9198040771484375e+002 1.7881194129586220e-002 13042175 -1
  2.4176431655883789e+001 1.3786276245117187e+002
  2.2686460018157959e+000 1.2941526794433594e+002
  1.3979163952171803e-002 197375 -1 2.2046810150146484e+001
  1.3974488830566406e+002 2.0148937702178955e+000
  1.3107984924316406e+002 1.8819581717252731e-002 8323583 -1
  1.4107968330383301e+001 1.4028669738769531e+002
  1.8791637420654297e+000 2.6015637207031250e+002
  1.9427595660090446e-002 3277311 -1 4.1605613708496094e+001
  1.4143356323242187e+002 1.9178352355957031e+000
  3.0249682617187500e+002 1.8594859167933464e-002 4719103 -1
  4.1605613708496094e+001 1.4143356323242187e+002
  1.9178352355957031e+000 1.5725802612304688e+002
  1.8594859167933464e-002 4719103 -1 1.3029552459716797e+001
  1.5635641479492188e+002 2.2116553783416748e+000
  2.1933470153808594e+002 1.3920294120907784e-002 15073791 -1
  1.3029552459716797e+001 1.5635641479492188e+002
  2.2116553783416748e+000 1.3514549255371094e+002
  1.3920294120907784e-002 15073791 -1 4.6473049163818359e+001
  2.8794992446899414e+001 2.0501058101654053e+000
  3.0271200561523438e+002 2.3699849843978882e-002 9568767 -1
  2.4226865768432617e+001 7.9024787902832031e+001
  2.5679602622985840e+000 3.0363824462890625e+002
  1.7648024484515190e-002 9175807 -1 2.4226865768432617e+001
  7.9024787902832031e+001 2.5679602622985840e+000
  1.5843048095703125e+001 1.7648024484515190e-002 9175807 -1
  3.1208152770996094e+001 8.6306213378906250e+001
  2.3020348548889160e+000 2.7921438598632812e+002
  1.3607807457447052e-002 1245951 -1 3.1208152770996094e+001
  8.6306213378906250e+001 2.3020348548889160e+000
  1.4837939453125000e+002 1.3607807457447052e-002 1245951 -1
  2.0864324569702148e+001 8.9598388671875000e+001
  2.6797146797180176e+000 3.4311886596679687e+002
  1.7160927876830101e-002 12255999 -1 2.4679986953735352e+001
  8.9637580871582031e+001 2.3641564846038818e+000
  3.4391897583007812e+002 1.4091222546994686e-002 3146495 -1
  5.7084415435791016e+001 9.1041503906250000e+001
  2.7181568145751953e+000 3.4258731079101562e+002
  3.4703899174928665e-002 13239039 -1 3.1170143127441406e+001
  9.1197059631347656e+001 2.7106177806854248e+000
  1.1714796447753906e+002 1.9526496529579163e-002 13042431 -1
  3.0627746582031250e+001 1.0709445190429688e+002
  2.5173184871673584e+000 8.8263519287109375e+001
  1.3836715370416641e-002 7734015 -1 6.8454666137695312e+001
  1.0890805816650391e+002 2.3569209575653076e+000
  1.7933294677734375e+002 2.0559309050440788e-002 2949887 -1
  6.5409866333007812e+001 1.0978345489501953e+002
  2.6549749374389648e+000 3.5275598144531250e+002
  3.8321249186992645e-002 11535103 -1 6.5409866333007812e+001
  1.0978345489501953e+002 2.6549749374389648e+000
  1.7946801757812500e+002 3.8321249186992645e-002 11535103 -1
  1.8641658782958984e+001 1.1229870605468750e+002
  2.7003352642059326e+000 3.5882870483398438e+002
  1.6649888828396797e-002 12780287 -1 1.8641658782958984e+001
  1.1229870605468750e+002 2.7003352642059326e+000
  2.1607470703125000e+002 1.6649888828396797e-002 12780287 -1
  4.6901489257812500e+001 1.1442602539062500e+002
  2.6032545566558838e+000 9.9807403564453125e+001
  2.3507680743932724e-002 10158847 -1 3.3962337493896484e+001
  1.1599700927734375e+002 2.5658738613128662e+000
  1.7160522460937500e+001 1.7676454037427902e-002 9110271 -1
  4.7424243927001953e+001 1.1778736877441406e+002
  2.5942413806915283e+000 9.7435333251953125e+001
  2.6898683980107307e-002 9896703 -1 5.1845142364501953e+001
  1.1852042388916016e+002 2.5346410274505615e+000
  9.9443664550781250e+001 2.4810770526528358e-002 8192767 -1
  4.4026714324951172e+001 1.2096082305908203e+002
  2.4849321842193604e+000 3.4259906005859375e+002
  2.2977378219366074e-002 6750975 -1 4.4026714324951172e+001
  1.2096082305908203e+002 2.4849321842193604e+000
  1.2746981811523438e+002 2.2977378219366074e-002 6750975 -1
  3.7035689353942871e+000 1.2170909118652344e+002
  2.5870702266693115e+000 1.1036138916015625e+002
  1.5428530983626842e-002 9700095 -1 8.3113870620727539e+000
  1.3181149291992187e+002 2.3243577480316162e+000
  2.9205792236328125e+002 3.2292962074279785e-002 1966847 -1
  8.3113870620727539e+000 1.3181149291992187e+002
  2.3243577480316162e+000 1.6540571594238281e+002
  3.2292962074279785e-002 1966847 -1 3.0054445266723633e+001
