<?xml version="1.0"?>
<opencv_storage>
<keypoint>
  6.0976100921630859e+001 3.5646865367889404e+000
  1.9064270257949829e+000 2.6851232910156250e+002
  1.6684209927916527e-002 4325887 -1 5.4544219970703125e+001
  1.7638916015625000e+001 2.0643961429595947e+000
  7.4993347167968750e+001 3.2645024359226227e-002 10093055 -1
  7.4979537963867188e+001 2.1709899902343750e+001
  2.1905820369720459e+000 2.1980639648437500e+002
  5.7283449918031693e-002 14352895 -1 2.9047794342041016e+001
  2.2731166839599609e+001 1.9963741302490234e+000
  2.6141589355468750e+002 3.5245921462774277e-002 7668223 -1
  3.9127124786376953e+001 2.3007785797119141e+001
  1.9127016067504883e+000 8.0034179687500000e+001
  1.9997419789433479e-002 4588031 -1 2.2600801467895508e+001
  2.3842216491699219e+001 1.9476217031478882e+000
  2.5955725097656250e+002 2.6548378169536591e-002 5833215 -1
  3.2041137695312500e+001 2.4114313125610352e+001
  2.1302020549774170e+000 8.6017700195312500e+001
  2.6187174022197723e-002 12321279 -1 3.2041137695312500e+001
  2.4114313125610352e+001 2.1302020549774170e+000
  3.4490478515625000e+001 2.6187174022197723e-002 12321279 -1
  1.8207244873046875e+001 2.4718563079833984e+001
  2.0873546600341797e+000 2.5094558715820312e+002
  3.2792195677757263e-002 10879487 -1 2.9122076034545898e+001
  2.8894794464111328e+001 2.0694682598114014e+000
  1.2799560546875000e+001 1.8523301929235458e-002 10224127 -1
  7.9483573913574219e+001 3.0582782745361328e+001
  2.0781977176666260e+000 1.2881898498535156e+002
  3.8011375814676285e-002 10551807 -1 6.6109550476074219e+001
  5.2858432769775391e+001 2.1903300285339355e+000
  1.8091000366210937e+002 2.8536692261695862e-002 14352895 -1
  7.6480560302734375e+001 5.5886566162109375e+001
  2.1370875835418701e+000 3.5067898559570312e+002
  4.6859852969646454e-002 12583423 -1 5.5450321197509766e+001
  5.9619609832763672e+001 1.8354511260986328e+000
  2.6172436523437500e+002 1.4551349915564060e-002 1573375 -1
  5.6955558776855469e+001 6.1950996398925781e+001
  2.0932552814483643e+000 3.5343392944335937e+002
  2.4008492007851601e-002 11076095 -1 5.6955558776855469e+001
  6.1950996398925781e+001 2.0932552814483643e+000
  2.6557681274414062e+002 2.4008492007851601e-002 11076095 -1
  3.1116561889648438e+001 6.6136192321777344e+001
  2.0547244548797607e+000 1.8116973876953125e+002
  1.5571445226669312e-002 9765375 -1 6.5102516174316406e+001
  6.6056716918945313e+001 2.0938251018524170e+000
  1.7666435241699219e+002 1.8178086727857590e-002 11076095 -1
  5.0986781120300293e+000 7.7620315551757813e+001
  2.1270787715911865e+000 1.8473298645019531e+002
  2.1611029282212257e-002 12255743 -1 1.4112395286560059e+001
  7.7533164978027344e+001 2.1481294631958008e+000
  2.5678594970703125e+002 4.8636466264724731e-002 12976639 -1
  1.4112395286560059e+001 7.7533164978027344e+001
  2.1481294631958008e+000 8.7020935058593750e+001
  4.8636466264724731e-002 12976639 -1 7.5889724731445313e+001
  9.8672782897949219e+001 1.8484691381454468e+000
  6.2013549804687500e+000 2.0751481875777245e-002 2097663 -1
  6.9928436279296875e+001 9.9009887695312500e+001
  2.2053868770599365e+000 1.6425000000000000e+002
  1.5370003879070282e-002 14877183 -1 4.1555943489074707e+000
  1.1231491851806641e+002 2.0722644329071045e+000
  3.5854281616210937e+002 2.8653232380747795e-002 10355199 -1
  5.5883514404296875e+001 1.1591755676269531e+002
  2.0697259902954102e+000 8.7661773681640625e+001
  2.0682383328676224e-002 10289663 -1 2.5839707851409912e+000
  1.3175405883789062e+002 1.9109117984771729e+000
  1.0419372558593750e+001 3.0782444402575493e-002 4456959 -1
  3.2796859741210938e+001 1.5530964660644531e+002
  2.1062834262847900e+000 2.6695474243164063e+002
  1.8004693090915680e-002 11534847 -1 4.0168514251708984e+001
  1.5529794311523437e+002 1.9659029245376587e+000
  2.7017913818359375e+002 1.9107108935713768e-002 6554111 -1
  5.9862094879150391e+001 1.5605758666992187e+002
  1.8599102497100830e+000 2.7003619384765625e+002
  2.2403417155146599e-002 2556415 -1 5.6633464813232422e+001
  1.5648200988769531e+002 2.1526100635528564e+000
  2.7233074951171875e+002 1.9853405654430389e-002 13107711 -1
  3.6993099212646484e+001 1.6077986145019531e+002
  2.1486804485321045e+000 2.8331158447265625e+002
  4.4521760195493698e-002 12976639 -1 3.6993099212646484e+001
  1.6077986145019531e+002 2.1486804485321045e+000
  1.5132205200195312e+002 4.4521760195493698e-002 12976639 -1
  1.1788389205932617e+001 1.6385368347167969e+002
  2.1446883678436279e+000 2.6388424682617188e+002
  2.0569292828440666e-002 12845567 -1 8.5796096801757812e+001
  1.6381060791015625e+002 2.0731432437896729e+000
  2.7754821777343750e+002 2.1094219759106636e-002 10355199 -1
  4.4425663948059082e+000 1.3316870689392090e+001
  2.6326427459716797e+000 3.5206518554687500e+002
  5.2246145904064178e-002 10945279 -1 4.4425663948059082e+000
  1.3316870689392090e+001 2.6326427459716797e+000
  1.8720458984375000e+001 5.2246145904064178e-002 10945279 -1
  6.2204330444335938e+001 1.9027748107910156e+001
  2.6395180225372314e+000 3.5229049682617187e+002
  4.9214944243431091e-002 11141887 -1 1.7909837722778320e+001
  3.0503419876098633e+001 2.8147444725036621e+000
  1.7634248352050781e+002 2.0443528890609741e-002 15794943 -1
  1.4069381713867188e+001 3.2328575134277344e+001
  2.3393492698669434e+000 3.5931713867187500e+002
  1.8070016056299210e-002 2425599 -1 6.4031173706054687e+001
  3.2864433288574219e+001 2.5719621181488037e+000
  3.4997366333007812e+002 4.1287116706371307e-002 9241343 -1
  6.4048133850097656e+001 3.6845779418945313e+001
  2.4731090068817139e+000 3.4761743164062500e+002
  4.4491827487945557e-002 6423295 -1 6.4048133850097656e+001
  3.6845779418945313e+001 2.4731090068817139e+000
  1.8083921813964844e+002 4.4491827487945557e-002 6423295 -1
  6.7901023864746094e+001 3.7790927886962891e+001
  2.6798105239868164e+000 2.7418429565429687e+002
  5.1052149385213852e-002 12255999 -1 3.0797216415405273e+001
  7.2417808532714844e+001 2.4131140708923340e+000
  2.5279255676269531e+002 2.9160229489207268e-002 4653823 -1
  5.7105197906494141e+001 7.2406669616699219e+001
  2.4763536453247070e+000 7.6626190185546875e+001
  4.2686883360147476e-002 6554367 -1 3.3460155487060547e+001
  7.5252593994140625e+001 2.6430976390838623e+000
  8.7440063476562500e+001 3.7583258002996445e-002 11207423 -1
  6.9504623413085938e+001 7.6512413024902344e+001
  2.4389419555664062e+000 1.7508932495117187e+002
  2.4050474166870117e-002 5440255 -1 7.6978858947753906e+001
  8.4954429626464844e+001 2.8040471076965332e+000
  3.4506921386718750e+002 1.7713755369186401e-002 15532799 -1
  6.5744705200195312e+001 9.2030014038085938e+001
  2.8175146579742432e+000 1.7260018920898437e+002
  2.1312188357114792e-002 15860479 -1 7.0018623352050781e+001
  1.0471508026123047e+002 2.3895368576049805e+000
  1.8419213867187500e+002 3.8422752171754837e-002 3932927 -1
  3.0004140853881836e+001 1.0707588195800781e+002
  2.4422099590301514e+000 1.8065502929687500e+002
  1.6564840450882912e-002 5505791 -1 7.7541702270507813e+001
  1.1049549865722656e+002 2.3030631542205811e+000
  3.5561013793945312e+002 1.5690302476286888e-002 1245951 -1
  5.9384895324707031e+001 1.1259305572509766e+002
  2.6190130710601807e+000 3.0995178222656250e+000
  2.1488314494490623e-002 10552063 -1 6.6380264282226563e+001
  1.4115156555175781e+002 2.5876004695892334e+000
  2.7739486694335937e+002 1.9270181655883789e-002 9700095 -1
  7.8633125305175781e+001 1.4195056152343750e+002
  2.5526959896087646e+000 3.5266281127929687e+002
  4.4347539544105530e-002 8717055 -1 2.8825544357299805e+001
  1.4398558044433594e+002 2.3278939723968506e+000
  2.6851837158203125e+002 1.5919780358672142e-002 2032383 -1
  4.9000743865966797e+001 1.5481846618652344e+002
  2.6928763389587402e+000 2.6236669921875000e+002
