<?xml version="1.0"?>
<opencv_storage>
<keypoint>
  6.3653949737548828e+001 9.6849746704101562e+000
  1.9074871540069580e+000 9.3148773193359375e+001
  4.0922928601503372e-002 4391423 -1 6.5985847473144531e+001
  1.2054808616638184e+001 1.9823019504547119e+000
  9.0338378906250000e+001 3.0550412833690643e-002 7143935 -1
  7.0221008300781250e+001 1.1940298080444336e+001
  1.8417398929595947e+000 9.1533050537109375e+001
  2.7253171429038048e-002 1835519 -1 8.1777832031250000e+001
  1.3621800422668457e+001 2.3607604503631592e+000
  9.9540161132812500e+001 2.4509420618414879e-002 3080959 -1
  1.7455915451049805e+001 1.9206563949584961e+001
  1.8958498239517212e+000 2.4567660522460937e+002
  1.7771992832422256e-002 3932671 -1 4.0388683319091797e+001
  1.9488964080810547e+001 1.9466745853424072e+000
  2.6896801757812500e+002 1.3811528682708740e-002 5833215 -1
  7.6432395935058594e+001 2.1036458969116211e+001
  1.9190046787261963e+000 2.7755908203125000e+002
  1.5224633738398552e-002 4784639 -1 8.3399028778076172e+000
  3.3815128326416016e+001 1.9976240396499634e+000
  2.1859381103515625e+002 1.4798084273934364e-002 7668223 -1
  9.9491806030273437e+001 3.7613109588623047e+001
  2.0182280540466309e+000 3.0673175048828125e+002
  1.4242516830563545e-002 8454655 -1 2.2160671234130859e+001
  3.8185836791992187e+001 1.9145364761352539e+000
  2.2948580932617187e+002 1.5167232602834702e-002 4653567 -1
  2.2160671234130859e+001 3.8185836791992187e+001
  1.9145364761352539e+000 4.0724548339843750e+001
  1.5167232602834702e-002 4653567 -1 7.3132797241210938e+001
  6.2794322967529297e+001 1.9607546329498291e+000
  2.6877783203125000e+002 2.0114928483963013e-002 6357503 -1
  7.1680099487304688e+001 6.5431877136230469e+001
  1.9772020578384399e+000 2.6719277954101562e+002
  2.8575744479894638e-002 6947327 -1 7.1680099487304688e+001
  6.5431877136230469e+001 1.9772020578384399e+000
  1.9811819458007812e+002 2.8575744479894638e-002 6947327 -1
  6.3808738708496094e+001 6.7077819824218750e+001
  1.8983242511749268e+000 2.4976882934570312e+002
  1.9429802894592285e-002 3998207 -1 6.5254508972167969e+001
  6.9397949218750000e+001 2.1101372241973877e+000
  2.7557656860351562e+002 3.2775890082120895e-002 11665919 -1
  6.5254508972167969e+001 6.9397949218750000e+001
  2.1101372241973877e+000 2.5250346374511719e+002
  3.2775890082120895e-002 11665919 -1 9.4534301757812500e+001
  7.7582153320312500e+001 1.9361908435821533e+000
  1.7758563232421875e+002 2.3044601082801819e-002 5439999 -1
  1.0502020263671875e+002 8.4821365356445313e+001
  2.0134665966033936e+000 3.5369036865234375e+002
  2.4467330425977707e-002 8258047 -1 1.7998048782348633e+001
  8.5978309631347656e+001 1.8370277881622314e+000
  3.5057589721679687e+002 3.5580206662416458e-002 1638911 -1
  1.7998048782348633e+001 8.5978309631347656e+001
  1.8370277881622314e+000 2.5744775390625000e+002
  3.5580206662416458e-002 1638911 -1 2.0600549697875977e+001
  8.7661415100097656e+001 2.0000121593475342e+000
  3.5164495849609375e+002 1.9675290212035179e-002 7799295 -1
  1.5578661918640137e+001 9.2949897766113281e+001
  1.8914035558700562e+000 6.7571502685546875e+001
  1.5849372372031212e-002 3736063 -1 4.5867748260498047e+001
  9.4201034545898438e+001 1.9857473373413086e+000
  1.1345898437500000e+002 3.5789269953966141e-002 7275007 -1
  5.9927230834960938e+001 9.3848037719726563e+001
  1.8937128782272339e+000 1.0362277221679687e+002
  2.1279405802488327e-002 3867135 -1 4.0654712677001953e+001
  9.6102897644042969e+001 1.9805077314376831e+000
  2.4763964843750000e+002 3.8315024226903915e-002 7078399 -1
  1.1671236419677734e+002 9.7488037109375000e+001
  2.1730453968048096e+000 1.8237023925781250e+002
  4.1066553443670273e-002 13763071 -1 5.6218917846679687e+001
  9.7971138000488281e+001 1.8550163507461548e+000
  3.4192871093750000e+001 3.5823430866003036e-002 2359807 -1
  7.4578109741210937e+001 9.8336807250976562e+001
  2.0729498863220215e+000 1.7901306152343750e+000
  2.5339180603623390e-002 10355199 -1 7.4578109741210937e+001
  9.8336807250976562e+001 2.0729498863220215e+000
  1.8008822631835937e+002 2.5339180603623390e-002 10355199 -1
  9.4460029602050781e+001 9.9861541748046875e+001
  1.8808395862579346e+000 3.3304614257812500e+002
  2.9667833819985390e-002 3342847 -1 9.4460029602050781e+001
  9.9861541748046875e+001 1.8808395862579346e+000
  3.0458801269531250e+001 2.9667833819985390e-002 3342847 -1
  4.7515853881835938e+001 1.0067784881591797e+002
  2.0850284099578857e+000 2.6552709960937500e+002
  6.0217376798391342e-002 10813951 -1 7.1329544067382813e+001
  1.0221179962158203e+002 1.9751335382461548e+000
  9.4027526855468750e+001 2.6386518031358719e-002 6881791 -1
  9.6358718872070313e+001 1.0187230682373047e+002
  1.9623464345932007e+000 2.7857266235351562e+002
  3.4093290567398071e-002 6423039 -1 2.5702243804931641e+001
  1.0255874633789062e+002 1.9654830694198608e+000
  2.7204782104492188e+002 5.5153794586658478e-002 6554111 -1
  7.5496902465820313e+001 1.0235887145996094e+002
  1.8729228973388672e+000 9.8752136230468750e+001
  2.4095382541418076e-002 3015167 -1 7.9112411499023438e+001
  1.0257448577880859e+002 1.8167384862899780e+000
  2.7575970458984375e+002 2.2216036915779114e-002 852479 -1
  7.9112411499023438e+001 1.0257448577880859e+002
  1.8167384862899780e+000 8.5926361083984375e+001
  2.2216036915779114e-002 852479 -1 7.1071825027465820e+000
  1.0324456024169922e+002 2.2009730339050293e+000
  7.1914916992187500e+001 2.1393129602074623e-002 14680575 -1
  1.2135547637939453e+002 1.0314969635009766e+002
  2.3406879901885986e+000 9.7125976562500000e+001
  2.4579299613833427e-002 2425599 -1 5.9503448486328125e+001
  1.0478658294677734e+002 1.9624861478805542e+000
  9.6737670898437500e+001 1.8289340659976006e-002 6423039 -1
  9.8830360412597656e+001 1.0483657836914062e+002
  1.8826426267623901e+000 2.7323815917968750e+002
  2.6109708473086357e-002 3408383 -1 1.1663075256347656e+002
  1.0609101867675781e+002 1.9883224964141846e+000
  3.4046771240234375e+002 2.5538600981235504e-002 7340543 -1
  1.1438895416259766e+002 1.0852970123291016e+002
  2.1554613113403320e+000 4.6620300292968750e+001
  3.0419664457440376e-002 13173247 -1 8.9485260009765625e+001
  1.1232489013671875e+002 1.9528936147689819e+000
  2.1761317443847656e+002 1.7780959606170654e-002 6029823 -1
  8.9485260009765625e+001 1.1232489013671875e+002
  1.9528936147689819e+000 1.6822052001953125e+001
  1.7780959606170654e-002 6029823 -1 1.0854540252685547e+002
  1.1598333740234375e+002 2.0253140926361084e+000
  4.6778015136718750e+001 4.6432416886091232e-002 8716799 -1
  3.7434955596923828e+001 1.1707282257080078e+002
  1.9916019439697266e+000 3.2472891235351562e+002
  1.4708070084452629e-002 7471615 -1 1.0052736663818359e+002
  1.2511968994140625e+002 2.2363579273223877e+000
  1.7784523010253906e+002 2.6757104322314262e-002 15860223 -1
  1.0112975311279297e+002 1.3144058227539062e+002
  2.3368868827819824e+000 1.8369097900390625e+002
  2.3827109485864639e-002 2360063 -1 7.6057220458984375e+001
  1.4307849121093750e+002 1.8860008716583252e+000
  2.6006408691406250e+002 3.6278717219829559e-002 3539455 -1
  6.5744987487792969e+001 1.4513136291503906e+002
  2.0755598545074463e+000 6.8723358154296875e+001
  2.2222580388188362e-002 10486271 -1 6.0175193786621094e+001
  1.4548670959472656e+002 2.1277399063110352e+000
  1.2786293029785156e+002 2.3088999092578888e-002 12255743 -1
  5.1131591796875000e+001 1.2662280082702637e+001
  2.5808360576629639e+000 8.3855895996093750e+001
  2.7002632617950439e-002 9503487 -1 8.6997177124023438e+001
  1.4552533149719238e+001 2.5584180355072021e+000
  9.7425231933593750e+001 2.4315360933542252e-002 8913663 -1
  3.4598022460937500e+001 1.4706317901611328e+001
  2.3632586002349854e+000 7.8236633300781250e+001
  2.3283373564481735e-002 3146495 -1 1.1388317871093750e+002
