<?xml version="1.0"?>
<opencv_storage>
<keypoint>
  1.5580702209472656e+002 1.8222648620605469e+001
  1.9148777723312378e+000 2.2954492187500000e+002
  3.0704928562045097e-002 4653567 -1 1.6437155151367188e+002
  2.1385444641113281e+001 1.9380842447280884e+000
  3.7599945068359375e+001 3.1000502407550812e-002 5505535 -1
  1.1369024658203125e+002 6.0079421997070313e+001
  1.9600607156753540e+000 2.6791964721679687e+002
  1.5821956098079681e-002 6357503 -1 4.4119689941406250e+001
  6.6514190673828125e+001 2.0598742961883545e+000
  1.5859753417968750e+002 1.9783154129981995e-002 9896447 -1
  1.0494967651367187e+002 6.6879051208496094e+001
  2.0117127895355225e+000 9.8668182373046875e+001
  1.5419114381074905e-002 8192511 -1 1.1907476043701172e+002
  6.7204101562500000e+001 2.1051044464111328e+000
  5.6304931640625000e-002 3.7369281053543091e-002 11469311 -1
  9.7884506225585938e+001 6.9027168273925781e+001
  2.1242809295654297e+000 2.6898922729492187e+002
  1.4732906594872475e-002 12124671 -1 1.7660030364990234e+001
  7.0486396789550781e+001 1.9936722517013550e+000
  2.5933856201171875e+002 4.2731177061796188e-002 7537151 -1
  5.8979064941406250e+001 7.1151985168457031e+001
  2.1776597499847412e+000 2.7083114624023437e+002
  2.1847827360033989e-002 13959679 -1 4.9174247741699219e+001
  7.1529335021972656e+001 2.0394361019134521e+000
  2.6711993408203125e+002 2.4421732872724533e-002 9175551 -1
  7.3841886520385742e+000 7.1994010925292969e+001
  1.8487690687179565e+000 2.6500115966796875e+002
  2.2268043830990791e-002 2097663 -1 1.9818201065063477e+001
  9.1042800903320313e+001 1.9755048751831055e+000
  2.6774020385742187e+002 3.2423015683889389e-002 6881791 -1
  1.6073846435546875e+002 9.5722503662109375e+001
  1.8818296194076538e+000 2.6774719238281250e+002
  3.6786999553442001e-002 3408383 -1 1.3999748229980469e+002
  9.5873924255371094e+001 2.2886095046997070e+000
  1.1388862609863281e+002 2.7021266520023346e-002 852735 -1
  1.1463148498535156e+002 9.8829856872558594e+001
  2.2090897560119629e+000 3.5048553466796875e+002
  1.8667742609977722e-002 15008255 -1 1.4612382507324219e+002
  1.0004118347167969e+002 1.9871815443038940e+000
  1.3511669921875000e+002 1.3996621593832970e-002 7340543 -1
  1.3754130554199219e+002 1.1265917968750000e+002
  1.9972000122070312e+000 2.6317160034179687e+002
  1.6359539702534676e-002 7668223 -1 1.4089042663574219e+002
  1.1365958404541016e+002 1.8582218885421753e+000
  3.0102911376953125e+002 1.7968337982892990e-002 2490879 -1
  1.2074881744384766e+002 1.1381727600097656e+002
  2.3722360134124756e+000 2.8535189819335938e+002
  1.7703218385577202e-002 3408639 -1 1.2074881744384766e+002
  1.1381727600097656e+002 2.3722360134124756e+000
  6.3715209960937500e+000 1.7703218385577202e-002 3408639 -1
  7.2377235412597656e+001 1.1487162780761719e+002
  1.8501318693161011e+000 9.3017059326171875e+001
  2.0122149959206581e-002 2163199 -1 7.4222264289855957e+000
  1.1672101593017578e+002 1.9471740722656250e+000
  2.6969992065429687e+002 3.3481162041425705e-002 5833215 -1
  7.4222264289855957e+000 1.1672101593017578e+002
  1.9471740722656250e+000 1.9932310485839844e+002
  3.3481162041425705e-002 5833215 -1 4.8211631774902344e+001
  1.1743066406250000e+002 2.0315635204315186e+000
  9.4652648925781250e+001 1.9519258290529251e-002 8913407 -1
  6.4008049011230469e+001 1.1818862915039062e+002
  1.8670166730880737e+000 9.1231414794921875e+001
  1.6141939908266068e-002 2818559 -1 1.5665663146972656e+002
  1.1801091766357422e+002 1.9292421340942383e+000
  2.7433111572265625e+002 1.9930936396121979e-002 5177855 -1
  1.6393428039550781e+002 1.1998795318603516e+002
  1.9079790115356445e+000 1.7347354125976562e+002
  2.4354247376322746e-002 4391423 -1 5.1399345397949219e+001
  1.2039891815185547e+002 2.1258790493011475e+000
  9.0260009765625000e+001 2.2472467273473740e-002 12190207 -1
  1.5716143798828125e+002 1.2113405609130859e+002
  2.0416274070739746e+000 2.7808691406250000e+002
  2.8634060174226761e-002 9306623 -1 1.5716143798828125e+002
  1.2113405609130859e+002 2.0416274070739746e+000
  6.7755737304687500e+000 2.8634060174226761e-002 9306623 -1
  1.5054954528808594e+002 2.8090461730957031e+001
  2.8288671970367432e+000 7.3919189453125000e+001
  1.5499426051974297e-002 16122623 -1 1.0160660552978516e+002
  5.3380279541015625e+001 2.7928926944732666e+000
  2.7233804321289062e+002 4.3136801570653915e-002 15205119 -1
  1.1927713012695312e+002 5.3406715393066406e+001
  2.5962598323822021e+000 3.5598388671875000e+002
  3.6663610488176346e-002 9962239 -1 1.6330017089843750e+002
  6.0234878540039063e+001 2.5070762634277344e+000
  2.2085997009277344e+002 2.5600655004382133e-002 7406335 -1
  1.1887362670898437e+002 6.3185642242431641e+001
  2.8250513076782227e+000 3.5567181396484375e+002
  3.8564503192901611e-002 16057087 -1 7.4387351989746094e+001
  7.1169143676757813e+001 2.3374285697937012e+000
  2.7044046020507813e+002 2.3223053663969040e-002 2360063 -1
  6.4043029785156250e+001 7.1410392761230469e+001
  2.4366014003753662e+000 2.6813659667968750e+002
  2.7128109708428383e-002 5374719 -1 3.3519065380096436e+000
  7.2537277221679688e+001 2.5914480686187744e+000
  2.6191580200195312e+002 2.2343916818499565e-002 9831167 -1
  1.4436427307128906e+002 7.4524368286132813e+001
  2.5995261669158936e+000 2.7990246582031250e+002
  4.0849991142749786e-002 10027775 -1 9.5301353454589844e+001
  8.6088317871093750e+001 2.2411863803863525e+000
  2.6323309326171875e+002 1.4037522487342358e-002 15991295 -1
  1.2182418823242187e+002 8.5880241394042969e+001
  2.5470407009124756e+000 3.3833035278320312e+002
  1.4589059166610241e-002 8585983 -1 1.2182418823242187e+002
  8.5880241394042969e+001 2.5470407009124756e+000
  2.7566961669921875e+002 1.4589059166610241e-002 8585983 -1
  1.2397399139404297e+002 8.9185531616210937e+001
  2.6836516857147217e+000 2.7676678466796875e+002
  1.9498180598020554e-002 12321535 -1 1.2397399139404297e+002
  8.9185531616210937e+001 2.6836516857147217e+000
  8.8366516113281250e+001 1.9498180598020554e-002 12321535 -1
  5.7804427146911621e+000 9.6123115539550781e+001
  2.5806128978729248e+000 1.2233045959472656e+002
  6.7113861441612244e-002 9503487 -1 1.5595814514160156e+002
  9.5974067687988281e+001 2.3370442390441895e+000
  2.7390917968750000e+002 4.1609410196542740e-002 2360063 -1
  1.1821915435791016e+002 9.8123535156250000e+001
  2.6133787631988525e+000 3.5579858398437500e+002
  2.4514185264706612e-002 10420991 -1 1.0577283859252930e+001
  1.0348770904541016e+002 2.6977696418762207e+000
  8.6328125000000000e+001 1.9108293578028679e-002 12714751 -1
  2.4337105751037598e+000 1.0390327453613281e+002
  2.5248887538909912e+000 2.7758294677734375e+002
  1.7909716814756393e-002 7930623 -1 2.4337105751037598e+000
  1.0390327453613281e+002 2.5248887538909912e+000
  7.8607360839843750e+001 1.7909716814756393e-002 7930623 -1
  1.2212644577026367e+001 1.1521930694580078e+002
  2.3653590679168701e+000 2.0518611145019531e+002
  1.6342537477612495e-002 3212031 -1 7.7008300781250000e+001
  1.1578198242187500e+002 2.8919608592987061e+000
  1.0792218017578125e+002 2.4410441517829895e-002 1049599 -1
  1.4400096130371094e+002 1.1648487091064453e+002
  2.5132973194122314e+000 3.1805166625976562e+002
  3.0045695602893829e-002 7602943 -1 7.3289558410644531e+001
  1.1805958557128906e+002 2.7544212341308594e+000
  1.0776831054687500e+002 2.4948615580797195e-002 14222079 -1
  6.6757019042968750e+001 1.1860710906982422e+002
  2.2656662464141846e+000 8.1443206787109375e+001
  1.7395721748471260e-002 66303 -1 1.0157085418701172e+002
  5.7383640289306641e+001 3.0717647075653076e+000
  2.7771740722656250e+002 3.3464431762695313e-002 5374975 -1
  6.4114446640014648e+000 6.7657356262207031e+001
  2.9594116210937500e+000 2.8389721679687500e+002
  2.5422725826501846e-002 2687999 -1 2.3952409744262695e+001
